 1.042452273E+03	 2.548000000E+03
 1.043018714E+03	 2.534666748E+03
 1.043585098E+03	 2.540333252E+03
 1.044151424E+03	 2.567666748E+03
 1.044717692E+03	 2.542333252E+03
 1.045283903E+03	 2.527000000E+03
 1.045850056E+03	 2.547000000E+03
 1.046416151E+03	 2.551333252E+03
 1.046982188E+03	 2.521333252E+03
 1.047548167E+03	 2.538000000E+03
 1.048114089E+03	 2.542333252E+03
 1.048679953E+03	 2.541666748E+03
 1.049245760E+03	 2.534666748E+03
 1.049811509E+03	 2.562333252E+03
 1.050377200E+03	 2.551000000E+03
 1.050942833E+03	 2.545000000E+03
 1.051508408E+03	 2.535666748E+03
 1.052073926E+03	 2.537666748E+03
 1.052639387E+03	 2.512333252E+03
 1.053204789E+03	 2.541666748E+03
 1.053770134E+03	 2.565666748E+03
 1.054335421E+03	 2.550000000E+03
 1.054900651E+03	 2.562666748E+03
 1.055465823E+03	 2.542666748E+03
 1.056030937E+03	 2.577666748E+03
 1.056595993E+03	 2.546666748E+03
 1.057160992E+03	 2.533000000E+03
 1.057725934E+03	 2.572666748E+03
 1.058290817E+03	 2.553000000E+03
 1.058855643E+03	 2.550333252E+03
 1.059420411E+03	 2.536333252E+03
 1.059985122E+03	 2.581333252E+03
 1.060549775E+03	 2.542000000E+03
 1.061114371E+03	 2.549333252E+03
 1.061678908E+03	 2.547666748E+03
 1.062243389E+03	 2.559000000E+03
 1.062807811E+03	 2.532000000E+03
 1.063372176E+03	 2.573333252E+03
 1.063936483E+03	 2.531333252E+03
 1.064500733E+03	 2.556666748E+03
 1.065064925E+03	 2.546000000E+03
 1.065629060E+03	 2.536000000E+03
 1.066193137E+03	 2.559333252E+03
 1.066757156E+03	 2.587000000E+03
 1.067321118E+03	 2.554000000E+03
 1.067885022E+03	 2.578333252E+03
 1.068448869E+03	 2.551666748E+03
 1.069012658E+03	 2.542666748E+03
 1.069576390E+03	 2.538333252E+03
 1.070140063E+03	 2.545666748E+03
 1.070703680E+03	 2.538666748E+03
 1.071267239E+03	 2.558666748E+03
 1.071830740E+03	 2.564333252E+03
 1.072394184E+03	 2.536333252E+03
 1.072957570E+03	 2.533333252E+03
 1.073520899E+03	 2.545333252E+03
 1.074084170E+03	 2.559333252E+03
 1.074647383E+03	 2.548333252E+03
 1.075210540E+03	 2.547666748E+03
 1.075773638E+03	 2.551666748E+03
 1.076336679E+03	 2.541000000E+03
 1.076899663E+03	 2.569000000E+03
 1.077462589E+03	 2.542333252E+03
 1.078025457E+03	 2.531666748E+03
 1.078588268E+03	 2.552333252E+03
 1.079151022E+03	 2.555333252E+03
 1.079713718E+03	 2.529000000E+03
 1.080276356E+03	 2.559666748E+03
 1.080838937E+03	 2.543666748E+03
 1.081401461E+03	 2.560333252E+03
 1.081963927E+03	 2.521666748E+03
 1.082526336E+03	 2.557000000E+03
 1.083088687E+03	 2.584666748E+03
 1.083650981E+03	 2.551000000E+03
 1.084213217E+03	 2.516666748E+03
 1.084775396E+03	 2.522333252E+03
 1.085337517E+03	 2.538333252E+03
 1.085899581E+03	 2.527333252E+03
 1.086461587E+03	 2.576333252E+03
 1.087023536E+03	 2.532000000E+03
 1.087585428E+03	 2.547000000E+03
 1.088147262E+03	 2.534666748E+03
 1.088709039E+03	 2.550000000E+03
 1.089270758E+03	 2.540000000E+03
 1.089832420E+03	 2.561000000E+03
 1.090394024E+03	 2.546333252E+03
 1.090955571E+03	 2.518000000E+03
 1.091517061E+03	 2.525000000E+03
 1.092078493E+03	 2.539000000E+03
 1.092639868E+03	 2.571000000E+03
 1.093201185E+03	 2.541000000E+03
 1.093762445E+03	 2.522000000E+03
 1.094323648E+03	 2.557333252E+03
 1.094884793E+03	 2.570000000E+03
 1.095445881E+03	 2.535666748E+03
 1.096006911E+03	 2.557333252E+03
 1.096567884E+03	 2.525333252E+03
 1.097128800E+03	 2.561000000E+03
 1.097689659E+03	 2.517333252E+03
 1.098250460E+03	 2.532000000E+03
 1.098811203E+03	 2.528333252E+03
 1.099371890E+03	 2.552000000E+03
 1.099932518E+03	 2.527666748E+03
 1.100493090E+03	 2.523666748E+03
 1.101053604E+03	 2.532333252E+03
 1.101614061E+03	 2.563333252E+03
 1.102174461E+03	 2.544000000E+03
 1.102734803E+03	 2.525000000E+03
 1.103295088E+03	 2.520000000E+03
 1.103855316E+03	 2.529333252E+03
 1.104415486E+03	 2.525333252E+03
 1.104975599E+03	 2.537000000E+03
 1.105535655E+03	 2.523666748E+03
 1.106095653E+03	 2.545000000E+03
 1.106655594E+03	 2.496333252E+03
 1.107215478E+03	 2.517666748E+03
 1.107775305E+03	 2.510000000E+03
 1.108335074E+03	 2.522666748E+03
 1.108894786E+03	 2.536666748E+03
 1.109454440E+03	 2.528333252E+03
 1.110014038E+03	 2.501000000E+03
 1.110573578E+03	 2.538666748E+03
 1.111133061E+03	 2.544666748E+03
 1.111692486E+03	 2.548333252E+03
 1.112251854E+03	 2.539000000E+03
 1.112811165E+03	 2.507666748E+03
 1.113370419E+03	 2.532666748E+03
 1.113929616E+03	 2.515333252E+03
 1.114488755E+03	 2.507333252E+03
 1.115047837E+03	 2.531000000E+03
 1.115606862E+03	 2.498333252E+03
 1.116165830E+03	 2.533666748E+03
 1.116724740E+03	 2.543000000E+03
 1.117283593E+03	 2.532000000E+03
 1.117842389E+03	 2.518333252E+03
 1.118401128E+03	 2.532333252E+03
 1.118959809E+03	 2.550666748E+03
 1.119518433E+03	 2.516666748E+03
 1.120077000E+03	 2.551333252E+03
 1.120635510E+03	 2.527333252E+03
 1.121193963E+03	 2.563333252E+03
 1.121752358E+03	 2.547666748E+03
 1.122310697E+03	 2.556333252E+03
 1.122868978E+03	 2.535666748E+03
 1.123427202E+03	 2.551333252E+03
 1.123985368E+03	 2.553333252E+03
 1.124543478E+03	 2.550000000E+03
 1.125101530E+03	 2.531000000E+03
 1.125659526E+03	 2.535333252E+03
 1.126217464E+03	 2.521000000E+03
 1.126775345E+03	 2.504333252E+03
 1.127333168E+03	 2.529666748E+03
 1.127890935E+03	 2.535666748E+03
 1.128448644E+03	 2.568000000E+03
 1.129006297E+03	 2.553333252E+03
 1.129563892E+03	 2.549666748E+03
 1.130121430E+03	 2.548333252E+03
 1.130678911E+03	 2.532666748E+03
 1.131236335E+03	 2.511666748E+03
 1.131793701E+03	 2.539000000E+03
 1.132351011E+03	 2.540666748E+03
 1.132908263E+03	 2.545666748E+03
 1.133465458E+03	 2.535333252E+03
 1.134022597E+03	 2.546333252E+03
 1.134579678E+03	 2.595333252E+03
 1.135136702E+03	 2.569333252E+03
 1.135693669E+03	 2.556666748E+03
 1.136250578E+03	 2.551000000E+03
 1.136807431E+03	 2.537333252E+03
 1.137364227E+03	 2.580000000E+03
 1.137920965E+03	 2.540000000E+03
 1.138477647E+03	 2.543000000E+03
 1.139034271E+03	 2.563333252E+03
 1.139590839E+03	 2.560666748E+03
 1.140147349E+03	 2.591000000E+03
 1.140703802E+03	 2.545333252E+03
 1.141260198E+03	 2.516666748E+03
 1.141816537E+03	 2.565333252E+03
 1.142372820E+03	 2.587666748E+03
 1.142929045E+03	 2.574333252E+03
 1.143485213E+03	 2.576333252E+03
 1.144041323E+03	 2.586666748E+03
 1.144597377E+03	 2.567666748E+03
 1.145153374E+03	 2.574333252E+03
 1.145709314E+03	 2.572666748E+03
 1.146265197E+03	 2.572333252E+03
 1.146821023E+03	 2.564666748E+03
 1.147376792E+03	 2.590333252E+03
 1.147932503E+03	 2.554333252E+03
 1.148488158E+03	 2.570666748E+03
 1.149043756E+03	 2.566000000E+03
 1.149599297E+03	 2.565000000E+03
 1.150154781E+03	 2.550000000E+03
 1.150710207E+03	 2.599666748E+03
 1.151265577E+03	 2.546333252E+03
 1.151820890E+03	 2.623000000E+03
 1.152376146E+03	 2.599333252E+03
 1.152931345E+03	 2.580000000E+03
 1.153486487E+03	 2.551333252E+03
 1.154041572E+03	 2.610000000E+03
 1.154596600E+03	 2.589000000E+03
 1.155151571E+03	 2.582000000E+03
 1.155706485E+03	 2.640666748E+03
 1.156261342E+03	 2.597666748E+03
 1.156816142E+03	 2.611000000E+03
 1.157370885E+03	 2.607666748E+03
 1.157925572E+03	 2.599333252E+03
 1.158480201E+03	 2.591666748E+03
 1.159034774E+03	 2.581666748E+03
 1.159589289E+03	 2.606333252E+03
 1.160143748E+03	 2.595333252E+03
 1.160698149E+03	 2.597333252E+03
 1.161252494E+03	 2.613000000E+03
 1.161806782E+03	 2.617000000E+03
 1.162361013E+03	 2.627666748E+03
 1.162915187E+03	 2.606000000E+03
 1.163469304E+03	 2.608333252E+03
 1.164023364E+03	 2.605666748E+03
 1.164577368E+03	 2.588666748E+03
 1.165131314E+03	 2.632000000E+03
 1.165685204E+03	 2.619666748E+03
 1.166239036E+03	 2.655666748E+03
 1.166792812E+03	 2.596666748E+03
 1.167346531E+03	 2.619000000E+03
 1.167900193E+03	 2.618000000E+03
 1.168453798E+03	 2.624666748E+03
 1.169007347E+03	 2.613666748E+03
 1.169560838E+03	 2.630000000E+03
 1.170114273E+03	 2.625666748E+03
 1.170667650E+03	 2.605000000E+03
 1.171220971E+03	 2.656000000E+03
 1.171774235E+03	 2.656666748E+03
 1.172327443E+03	 2.607666748E+03
 1.172880593E+03	 2.621000000E+03
 1.173433687E+03	 2.612333252E+03
 1.173986723E+03	 2.658000000E+03
 1.174539703E+03	 2.614333252E+03
 1.175092626E+03	 2.622000000E+03
 1.175645493E+03	 2.591000000E+03
 1.176198302E+03	 2.622333252E+03
 1.176751055E+03	 2.643666748E+03
 1.177303751E+03	 2.600333252E+03
 1.177856390E+03	 2.635666748E+03
 1.178408972E+03	 2.623000000E+03
 1.178961498E+03	 2.623000000E+03
 1.179513966E+03	 2.608000000E+03
 1.180066378E+03	 2.597666748E+03
 1.180618733E+03	 2.617333252E+03
 1.181171032E+03	 2.617000000E+03
 1.181723273E+03	 2.641000000E+03
 1.182275458E+03	 2.626333252E+03
 1.182827586E+03	 2.634000000E+03
 1.183379657E+03	 2.641333252E+03
 1.183931672E+03	 2.639000000E+03
 1.184483630E+03	 2.607000000E+03
 1.185035531E+03	 2.659666748E+03
 1.185587375E+03	 2.646000000E+03
 1.186139162E+03	 2.674666748E+03
 1.186690893E+03	 2.643333252E+03
 1.187242567E+03	 2.640666748E+03
 1.187794184E+03	 2.643000000E+03
 1.188345745E+03	 2.663666748E+03
 1.188897249E+03	 2.647666748E+03
 1.189448696E+03	 2.644666748E+03
 1.190000086E+03	 2.631000000E+03
 1.190551420E+03	 2.634333252E+03
 1.191102697E+03	 2.650666748E+03
 1.191653918E+03	 2.636666748E+03
 1.192205081E+03	 2.684666748E+03
 1.192756188E+03	 2.642666748E+03
 1.193307238E+03	 2.673333252E+03
 1.193858232E+03	 2.602666748E+03
 1.194409169E+03	 2.645333252E+03
 1.194960049E+03	 2.626000000E+03
 1.195510872E+03	 2.615000000E+03
 1.196061639E+03	 2.660333252E+03
 1.196612349E+03	 2.664000000E+03
 1.197163003E+03	 2.626333252E+03
 1.197713599E+03	 2.658000000E+03
 1.198264139E+03	 2.613333252E+03
 1.198814623E+03	 2.649000000E+03
 1.199365050E+03	 2.640000000E+03
 1.199915420E+03	 2.644000000E+03
 1.200465734E+03	 2.643333252E+03
 1.201015990E+03	 2.654666748E+03
 1.201566191E+03	 2.636333252E+03
 1.202116334E+03	 2.620666748E+03
 1.202666421E+03	 2.649666748E+03
 1.203216452E+03	 2.610000000E+03
 1.203766425E+03	 2.658666748E+03
 1.204316343E+03	 2.664666748E+03
 1.204866203E+03	 2.685333252E+03
 1.205416007E+03	 2.643333252E+03
 1.205965754E+03	 2.671000000E+03
 1.206515445E+03	 2.696000000E+03
 1.207065079E+03	 2.671000000E+03
 1.207614657E+03	 2.659666748E+03
 1.208164177E+03	 2.640333252E+03
 1.208713642E+03	 2.653000000E+03
 1.209263050E+03	 2.647666748E+03
 1.209812401E+03	 2.647666748E+03
 1.210361695E+03	 2.665666748E+03
 1.210910933E+03	 2.645000000E+03
 1.211460115E+03	 2.638333252E+03
 1.212009240E+03	 2.663666748E+03
 1.212558308E+03	 2.677000000E+03
 1.213107320E+03	 2.658666748E+03
 1.213656275E+03	 2.641333252E+03
 1.214205174E+03	 2.683333252E+03
 1.214754016E+03	 2.655333252E+03
 1.215302801E+03	 2.651333252E+03
 1.215851530E+03	 2.696333252E+03
 1.216400203E+03	 2.635333252E+03
 1.216948819E+03	 2.709666748E+03
 1.217497378E+03	 2.671333252E+03
 1.218045881E+03	 2.679333252E+03
 1.218594327E+03	 2.643333252E+03
 1.219142717E+03	 2.659666748E+03
 1.219691051E+03	 2.669333252E+03
 1.220239327E+03	 2.663000000E+03
 1.220787548E+03	 2.648666748E+03
 1.221335712E+03	 2.705333252E+03
 1.221883819E+03	 2.664333252E+03
 1.222431870E+03	 2.708000000E+03
 1.222979864E+03	 2.670333252E+03
 1.223527802E+03	 2.696333252E+03
 1.224075683E+03	 2.666666748E+03
 1.224623508E+03	 2.658333252E+03
 1.225171277E+03	 2.673000000E+03
 1.225718989E+03	 2.687000000E+03
 1.226266644E+03	 2.726666748E+03
 1.226814243E+03	 2.664000000E+03
 1.227361786E+03	 2.662333252E+03
 1.227909272E+03	 2.661333252E+03
 1.228456702E+03	 2.690666748E+03
 1.229004075E+03	 2.702333252E+03
 1.229551392E+03	 2.691333252E+03
 1.230098652E+03	 2.694333252E+03
 1.230645856E+03	 2.714666748E+03
 1.231193003E+03	 2.671000000E+03
 1.231740094E+03	 2.702666748E+03
 1.232287129E+03	 2.701666748E+03
 1.232834107E+03	 2.689333252E+03
 1.233381029E+03	 2.675000000E+03
 1.233927894E+03	 2.708333252E+03
 1.234474703E+03	 2.669666748E+03
 1.235021455E+03	 2.703000000E+03
 1.235568151E+03	 2.677666748E+03
 1.236114791E+03	 2.692666748E+03
 1.236661374E+03	 2.675666748E+03
 1.237207901E+03	 2.679666748E+03
 1.237754372E+03	 2.709666748E+03
 1.238300786E+03	 2.690666748E+03
 1.238847144E+03	 2.712333252E+03
 1.239393445E+03	 2.712666748E+03
 1.239939690E+03	 2.707000000E+03
 1.240485879E+03	 2.709000000E+03
 1.241032011E+03	 2.674666748E+03
 1.241578087E+03	 2.709666748E+03
 1.242124106E+03	 2.668000000E+03
 1.242670070E+03	 2.704333252E+03
 1.243215976E+03	 2.695333252E+03
 1.243761827E+03	 2.680666748E+03
 1.244307621E+03	 2.709000000E+03
 1.244853359E+03	 2.699000000E+03
 1.245399040E+03	 2.711666748E+03
 1.245944665E+03	 2.698333252E+03
 1.246490234E+03	 2.689666748E+03
 1.247035746E+03	 2.709666748E+03
 1.247581203E+03	 2.707666748E+03
 1.248126602E+03	 2.690333252E+03
 1.248671946E+03	 2.683666748E+03
 1.249217233E+03	 2.689333252E+03
 1.249762464E+03	 2.739000000E+03
 1.250307638E+03	 2.740666748E+03
 1.250852757E+03	 2.719666748E+03
 1.251397819E+03	 2.736666748E+03
 1.251942824E+03	 2.749333252E+03
 1.252487774E+03	 2.755000000E+03
 1.253032667E+03	 2.736000000E+03
 1.253577503E+03	 2.713333252E+03
 1.254122284E+03	 2.729000000E+03
 1.254667008E+03	 2.742666748E+03
 1.255211676E+03	 2.751666748E+03
 1.255756288E+03	 2.711000000E+03
 1.256300843E+03	 2.766333252E+03
 1.256845342E+03	 2.717333252E+03
 1.257389785E+03	 2.726666748E+03
 1.257934172E+03	 2.712000000E+03
 1.258478502E+03	 2.738000000E+03
 1.259022776E+03	 2.747666748E+03
 1.259566994E+03	 2.732333252E+03
 1.260111156E+03	 2.758666748E+03
 1.260655261E+03	 2.737666748E+03
 1.261199311E+03	 2.772666748E+03
 1.261743304E+03	 2.743000000E+03
 1.262287240E+03	 2.742333252E+03
 1.262831121E+03	 2.738000000E+03
 1.263374945E+03	 2.750666748E+03
 1.263918713E+03	 2.730000000E+03
 1.264462425E+03	 2.748666748E+03
 1.265006081E+03	 2.753333252E+03
 1.265549680E+03	 2.729000000E+03
 1.266093223E+03	 2.719666748E+03
 1.266636711E+03	 2.740333252E+03
 1.267180141E+03	 2.740666748E+03
 1.267723516E+03	 2.750000000E+03
 1.268266835E+03	 2.748666748E+03
 1.268810097E+03	 2.774666748E+03
 1.269353303E+03	 2.752666748E+03
 1.269896453E+03	 2.760666748E+03
 1.270439547E+03	 2.746000000E+03
 1.270982584E+03	 2.764000000E+03
 1.271525566E+03	 2.751000000E+03
 1.272068491E+03	 2.763333252E+03
 1.272611360E+03	 2.785000000E+03
 1.273154173E+03	 2.754333252E+03
 1.273696930E+03	 2.774000000E+03
 1.274239631E+03	 2.764666748E+03
 1.274782275E+03	 2.766000000E+03
 1.275324864E+03	 2.792000000E+03
 1.275867396E+03	 2.754333252E+03
 1.276409872E+03	 2.764000000E+03
 1.276952292E+03	 2.775666748E+03
 1.277494656E+03	 2.750666748E+03
 1.278036964E+03	 2.802000000E+03
 1.278579215E+03	 2.771666748E+03
 1.279121411E+03	 2.783333252E+03
 1.279663550E+03	 2.762333252E+03
 1.280205634E+03	 2.771000000E+03
 1.280747661E+03	 2.780000000E+03
 1.281289632E+03	 2.805000000E+03
 1.281831547E+03	 2.782333252E+03
 1.282373406E+03	 2.776666748E+03
 1.282915209E+03	 2.740666748E+03
 1.283456955E+03	 2.786333252E+03
 1.283998646E+03	 2.745333252E+03
 1.284540281E+03	 2.810333252E+03
 1.285081859E+03	 2.812000000E+03
 1.285623381E+03	 2.788333252E+03
 1.286164848E+03	 2.773666748E+03
 1.286706258E+03	 2.785333252E+03
 1.287247612E+03	 2.784333252E+03
 1.287788911E+03	 2.783000000E+03
 1.288330153E+03	 2.768666748E+03
 1.288871339E+03	 2.815333252E+03
 1.289412469E+03	 2.802333252E+03
 1.289953543E+03	 2.781333252E+03
 1.290494561E+03	 2.817333252E+03
 1.291035523E+03	 2.835333252E+03
 1.291576428E+03	 2.803333252E+03
 1.292117278E+03	 2.830000000E+03
 1.292658072E+03	 2.788000000E+03
 1.293198810E+03	 2.767333252E+03
 1.293739492E+03	 2.791666748E+03
 1.294280118E+03	 2.801000000E+03
 1.294820687E+03	 2.830666748E+03
 1.295361201E+03	 2.799000000E+03
 1.295901659E+03	 2.819333252E+03
 1.296442061E+03	 2.808000000E+03
 1.296982406E+03	 2.783666748E+03
 1.297522696E+03	 2.811000000E+03
 1.298062930E+03	 2.776000000E+03
 1.298603108E+03	 2.807000000E+03
 1.299143229E+03	 2.816000000E+03
 1.299683295E+03	 2.826666748E+03
 1.300223305E+03	 2.829333252E+03
 1.300763259E+03	 2.828666748E+03
 1.301303157E+03	 2.825333252E+03
 1.301842999E+03	 2.797666748E+03
 1.302382785E+03	 2.814000000E+03
 1.302922515E+03	 2.816666748E+03
 1.303462189E+03	 2.796333252E+03
 1.304001807E+03	 2.805666748E+03
 1.304541369E+03	 2.807333252E+03
 1.305080875E+03	 2.838666748E+03
 1.305620326E+03	 2.805333252E+03
 1.306159720E+03	 2.839666748E+03
 1.306699058E+03	 2.826000000E+03
 1.307238341E+03	 2.823333252E+03
 1.307777567E+03	 2.809666748E+03
 1.308316738E+03	 2.842000000E+03
 1.308855853E+03	 2.810000000E+03
 1.309394912E+03	 2.868000000E+03
 1.309933915E+03	 2.832666748E+03
 1.310472862E+03	 2.802333252E+03
 1.311011753E+03	 2.850333252E+03
 1.311550588E+03	 2.869333252E+03
 1.312089367E+03	 2.835333252E+03
 1.312628090E+03	 2.837333252E+03
 1.313166758E+03	 2.837333252E+03
 1.313705370E+03	 2.817333252E+03
 1.314243925E+03	 2.827333252E+03
 1.314782425E+03	 2.848666748E+03
 1.315320869E+03	 2.832666748E+03
 1.315859257E+03	 2.834666748E+03
 1.316397589E+03	 2.850333252E+03
 1.316935866E+03	 2.835000000E+03
 1.317474086E+03	 2.850666748E+03
 1.318012251E+03	 2.866333252E+03
 1.318550360E+03	 2.839000000E+03
 1.319088413E+03	 2.859666748E+03
 1.319626410E+03	 2.845666748E+03
 1.320164351E+03	 2.790666748E+03
 1.320702236E+03	 2.832666748E+03
 1.321240066E+03	 2.867333252E+03
 1.321777839E+03	 2.864333252E+03
 1.322315557E+03	 2.853666748E+03
 1.322853219E+03	 2.860666748E+03
 1.323390826E+03	 2.842000000E+03
 1.323928376E+03	 2.862666748E+03
 1.324465871E+03	 2.857333252E+03
 1.325003309E+03	 2.823333252E+03
 1.325540692E+03	 2.845333252E+03
 1.326078020E+03	 2.832666748E+03
 1.326615291E+03	 2.855000000E+03
 1.327152506E+03	 2.851666748E+03
 1.327689666E+03	 2.852666748E+03
 1.328226770E+03	 2.852000000E+03
 1.328763818E+03	 2.862333252E+03
 1.329300811E+03	 2.871666748E+03
 1.329837747E+03	 2.857666748E+03
 1.330374628E+03	 2.868333252E+03
 1.330911453E+03	 2.850333252E+03
 1.331448222E+03	 2.855666748E+03
 1.331984936E+03	 2.857000000E+03
 1.332521594E+03	 2.840000000E+03
 1.333058196E+03	 2.861000000E+03
 1.333594742E+03	 2.866333252E+03
 1.334131232E+03	 2.899333252E+03
 1.334667667E+03	 2.865666748E+03
 1.335204046E+03	 2.881000000E+03
 1.335740369E+03	 2.870666748E+03
 1.336276637E+03	 2.895000000E+03
 1.336812848E+03	 2.843000000E+03
 1.337349004E+03	 2.884666748E+03
 1.337885105E+03	 2.878000000E+03
 1.338421149E+03	 2.872666748E+03
 1.338957138E+03	 2.872333252E+03
 1.339493071E+03	 2.887666748E+03
 1.340028949E+03	 2.890000000E+03
 1.340564770E+03	 2.875000000E+03
 1.341100536E+03	 2.868666748E+03
 1.341636246E+03	 2.878000000E+03
 1.342171901E+03	 2.857333252E+03
 1.342707500E+03	 2.843333252E+03
 1.343243043E+03	 2.869666748E+03
 1.343778530E+03	 2.853000000E+03
 1.344313962E+03	 2.882666748E+03
 1.344849338E+03	 2.855333252E+03
 1.345384659E+03	 2.860000000E+03
 1.345919923E+03	 2.867333252E+03
 1.346455133E+03	 2.867333252E+03
 1.346990286E+03	 2.883333252E+03
 1.347525384E+03	 2.878333252E+03
 1.348060426E+03	 2.876333252E+03
 1.348595412E+03	 2.898666748E+03
 1.349130343E+03	 2.856000000E+03
 1.349665218E+03	 2.884333252E+03
 1.350200037E+03	 2.886000000E+03
 1.350734801E+03	 2.867000000E+03
 1.351269509E+03	 2.908333252E+03
 1.351804162E+03	 2.878000000E+03
 1.352338758E+03	 2.885666748E+03
 1.352873300E+03	 2.900333252E+03
 1.353407785E+03	 2.888000000E+03
 1.353942215E+03	 2.856333252E+03
 1.354476589E+03	 2.885666748E+03
 1.355010908E+03	 2.852333252E+03
 1.355545171E+03	 2.897333252E+03
 1.356079379E+03	 2.881666748E+03
 1.356613530E+03	 2.894000000E+03
 1.357147627E+03	 2.875666748E+03
 1.357681667E+03	 2.888333252E+03
 1.358215652E+03	 2.859666748E+03
 1.358749582E+03	 2.878666748E+03
 1.359283456E+03	 2.879333252E+03
 1.359817274E+03	 2.885333252E+03
 1.360351037E+03	 2.864000000E+03
 1.360884744E+03	 2.836333252E+03
 1.361418395E+03	 2.872666748E+03
 1.361951991E+03	 2.839333252E+03
 1.362485531E+03	 2.871333252E+03
 1.363019016E+03	 2.874333252E+03
 1.363552445E+03	 2.922666748E+03
 1.364085819E+03	 2.860333252E+03
 1.364619137E+03	 2.890333252E+03
 1.365152400E+03	 2.866666748E+03
 1.365685607E+03	 2.878000000E+03
 1.366218758E+03	 2.883333252E+03
 1.366751854E+03	 2.880333252E+03
 1.367284894E+03	 2.871666748E+03
 1.367817879E+03	 2.875333252E+03
 1.368350808E+03	 2.838666748E+03
 1.368883682E+03	 2.881333252E+03
 1.369416500E+03	 2.870000000E+03
 1.369949263E+03	 2.893333252E+03
 1.370481970E+03	 2.886666748E+03
 1.371014622E+03	 2.874000000E+03
 1.371547218E+03	 2.885333252E+03
 1.372079758E+03	 2.880333252E+03
 1.372612244E+03	 2.831666748E+03
 1.373144673E+03	 2.856333252E+03
 1.373677047E+03	 2.890000000E+03
 1.374209366E+03	 2.903666748E+03
 1.374741629E+03	 2.885333252E+03
 1.375273836E+03	 2.845333252E+03
 1.375805989E+03	 2.880333252E+03
 1.376338085E+03	 2.875000000E+03
 1.376870126E+03	 2.878333252E+03
 1.377402112E+03	 2.844000000E+03
 1.377934042E+03	 2.874666748E+03
 1.378465917E+03	 2.867666748E+03
 1.378997736E+03	 2.877000000E+03
 1.379529500E+03	 2.855000000E+03
 1.380061208E+03	 2.878000000E+03
 1.380592861E+03	 2.861333252E+03
 1.381124459E+03	 2.898000000E+03
 1.381656000E+03	 2.885333252E+03
 1.382187487E+03	 2.862000000E+03
 1.382718918E+03	 2.876000000E+03
 1.383250294E+03	 2.877666748E+03
 1.383781614E+03	 2.902000000E+03
 1.384312879E+03	 2.873000000E+03
 1.384844088E+03	 2.869000000E+03
 1.385375242E+03	 2.859000000E+03
 1.385906340E+03	 2.850666748E+03
 1.386437383E+03	 2.875000000E+03
 1.386968371E+03	 2.894000000E+03
 1.387499303E+03	 2.876000000E+03
 1.388030180E+03	 2.862000000E+03
 1.388561001E+03	 2.897666748E+03
 1.389091767E+03	 2.850000000E+03
 1.389622478E+03	 2.859666748E+03
 1.390153133E+03	 2.876666748E+03
 1.390683733E+03	 2.898333252E+03
 1.391214277E+03	 2.838000000E+03
 1.391744766E+03	 2.902333252E+03
 1.392275200E+03	 2.861000000E+03
 1.392805578E+03	 2.904666748E+03
 1.393335901E+03	 2.844000000E+03
 1.393866168E+03	 2.882333252E+03
 1.394396381E+03	 2.854333252E+03
 1.394926537E+03	 2.865000000E+03
 1.395456639E+03	 2.863333252E+03
 1.395986685E+03	 2.860666748E+03
 1.396516675E+03	 2.872666748E+03
 1.397046611E+03	 2.867666748E+03
 1.397576491E+03	 2.890333252E+03
 1.398106315E+03	 2.856333252E+03
 1.398636084E+03	 2.907666748E+03
 1.399165798E+03	 2.875000000E+03
 1.399695457E+03	 2.903333252E+03
 1.400225060E+03	 2.888000000E+03
 1.400754608E+03	 2.872333252E+03
 1.401284101E+03	 2.892000000E+03
 1.401813538E+03	 2.884666748E+03
 1.402342920E+03	 2.895333252E+03
 1.402872247E+03	 2.874000000E+03
 1.403401518E+03	 2.889333252E+03
 1.403930734E+03	 2.883333252E+03
 1.404459895E+03	 2.867000000E+03
 1.404989000E+03	 2.878333252E+03
 1.405518050E+03	 2.905666748E+03
 1.406047045E+03	 2.887666748E+03
 1.406575984E+03	 2.865000000E+03
 1.407104869E+03	 2.873000000E+03
 1.407633697E+03	 2.896000000E+03
 1.408162471E+03	 2.875666748E+03
 1.408691189E+03	 2.905666748E+03
 1.409219852E+03	 2.880333252E+03
 1.409748460E+03	 2.894000000E+03
 1.410277013E+03	 2.882333252E+03
 1.410805510E+03	 2.870333252E+03
 1.411333952E+03	 2.868666748E+03
 1.411862339E+03	 2.877333252E+03
 1.412390670E+03	 2.901333252E+03
 1.412918946E+03	 2.884000000E+03
 1.413447167E+03	 2.874666748E+03
 1.413975333E+03	 2.889666748E+03
 1.414503444E+03	 2.882333252E+03
 1.415031499E+03	 2.866000000E+03
 1.415559499E+03	 2.903666748E+03
 1.416087444E+03	 2.886333252E+03
 1.416615333E+03	 2.866000000E+03
 1.417143167E+03	 2.886333252E+03
 1.417670947E+03	 2.853333252E+03
 1.418198670E+03	 2.864000000E+03
 1.418726339E+03	 2.882000000E+03
 1.419253952E+03	 2.888333252E+03
 1.419781511E+03	 2.885000000E+03
 1.420309014E+03	 2.884333252E+03
 1.420836461E+03	 2.888000000E+03
 1.421363854E+03	 2.896666748E+03
 1.421891191E+03	 2.889333252E+03
 1.422418474E+03	 2.860333252E+03
 1.422945701E+03	 2.905666748E+03
 1.423472872E+03	 2.896000000E+03
 1.423999989E+03	 2.862666748E+03
 1.424527050E+03	 2.870666748E+03
 1.425054057E+03	 2.903000000E+03
 1.425581008E+03	 2.877666748E+03
 1.426107904E+03	 2.880000000E+03
 1.426634745E+03	 2.871666748E+03
 1.427161530E+03	 2.885333252E+03
 1.427688261E+03	 2.888000000E+03
 1.428214936E+03	 2.868000000E+03
 1.428741556E+03	 2.901000000E+03
 1.429268121E+03	 2.905666748E+03
 1.429794631E+03	 2.860333252E+03
 1.430321085E+03	 2.891000000E+03
 1.430847485E+03	 2.874666748E+03
 1.431373829E+03	 2.898666748E+03
 1.431900118E+03	 2.895000000E+03
 1.432426353E+03	 2.910666748E+03
 1.432952532E+03	 2.864666748E+03
 1.433478655E+03	 2.899666748E+03
 1.434004724E+03	 2.911333252E+03
 1.434530738E+03	 2.889000000E+03
 1.435056696E+03	 2.885666748E+03
 1.435582600E+03	 2.892000000E+03
 1.436108448E+03	 2.884666748E+03
 1.436634241E+03	 2.872666748E+03
 1.437159979E+03	 2.915333252E+03
 1.437685662E+03	 2.888000000E+03
 1.438211290E+03	 2.905000000E+03
 1.438736863E+03	 2.922000000E+03
 1.439262381E+03	 2.902000000E+03
 1.439787843E+03	 2.888333252E+03
 1.440313251E+03	 2.890666748E+03
 1.440838603E+03	 2.902666748E+03
 1.441363900E+03	 2.885333252E+03
 1.441889143E+03	 2.894666748E+03
 1.442414330E+03	 2.865000000E+03
 1.442939462E+03	 2.871666748E+03
 1.443464539E+03	 2.885000000E+03
 1.443989561E+03	 2.894000000E+03
 1.444514528E+03	 2.895000000E+03
 1.445039440E+03	 2.900666748E+03
 1.445564297E+03	 2.875666748E+03
 1.446089099E+03	 2.881000000E+03
 1.446613846E+03	 2.881000000E+03
 1.447138537E+03	 2.936333252E+03
 1.447663174E+03	 2.924000000E+03
 1.448187756E+03	 2.881000000E+03
 1.448712282E+03	 2.897333252E+03
 1.449236754E+03	 2.898000000E+03
 1.449761171E+03	 2.896666748E+03
 1.450285532E+03	 2.892333252E+03
 1.450809839E+03	 2.915000000E+03
 1.451334090E+03	 2.914000000E+03
 1.451858287E+03	 2.890333252E+03
 1.452382428E+03	 2.906333252E+03
 1.452906515E+03	 2.885666748E+03
 1.453430546E+03	 2.923333252E+03
 1.453954523E+03	 2.935666748E+03
 1.454478444E+03	 2.914666748E+03
 1.455002311E+03	 2.926666748E+03
 1.455526123E+03	 2.874666748E+03
 1.456049879E+03	 2.882000000E+03
 1.456573581E+03	 2.864000000E+03
 1.457097227E+03	 2.889333252E+03
 1.457620819E+03	 2.898000000E+03
 1.458144356E+03	 2.895000000E+03
 1.458667837E+03	 2.880333252E+03
 1.459191264E+03	 2.913333252E+03
 1.459714636E+03	 2.913000000E+03
 1.460237952E+03	 2.878000000E+03
 1.460761214E+03	 2.887000000E+03
 1.461284421E+03	 2.898666748E+03
 1.461807573E+03	 2.880000000E+03
 1.462330670E+03	 2.889000000E+03
 1.462853712E+03	 2.884000000E+03
 1.463376699E+03	 2.932000000E+03
 1.463899632E+03	 2.914000000E+03
 1.464422509E+03	 2.874333252E+03
 1.464945331E+03	 2.889666748E+03
 1.465468099E+03	 2.901666748E+03
 1.465990811E+03	 2.940666748E+03
 1.466513469E+03	 2.904666748E+03
 1.467036071E+03	 2.946000000E+03
 1.467558619E+03	 2.894666748E+03
 1.468081112E+03	 2.893000000E+03
 1.468603550E+03	 2.909666748E+03
 1.469125933E+03	 2.911000000E+03
 1.469648261E+03	 2.872000000E+03
 1.470170534E+03	 2.885000000E+03
 1.470692752E+03	 2.894000000E+03
 1.471214916E+03	 2.887333252E+03
 1.471737024E+03	 2.887666748E+03
 1.472259078E+03	 2.897333252E+03
 1.472781077E+03	 2.932000000E+03
 1.473303021E+03	 2.889000000E+03
 1.473824910E+03	 2.923666748E+03
 1.474346744E+03	 2.886000000E+03
 1.474868523E+03	 2.877333252E+03
 1.475390248E+03	 2.890000000E+03
 1.475911917E+03	 2.882000000E+03
 1.476433532E+03	 2.873666748E+03
 1.476955092E+03	 2.903000000E+03
 1.477476597E+03	 2.877000000E+03
 1.477998047E+03	 2.892333252E+03
 1.478519442E+03	 2.905000000E+03
 1.479040783E+03	 2.917333252E+03
 1.479562068E+03	 2.893000000E+03
 1.480083299E+03	 2.928000000E+03
 1.480604475E+03	 2.911000000E+03
 1.481125596E+03	 2.920000000E+03
 1.481646663E+03	 2.890666748E+03
 1.482167674E+03	 2.893333252E+03
 1.482688631E+03	 2.896333252E+03
 1.483209533E+03	 2.912666748E+03
 1.483730380E+03	 2.874333252E+03
 1.484251172E+03	 2.896666748E+03
 1.484771909E+03	 2.905666748E+03
 1.485292592E+03	 2.897666748E+03
 1.485813220E+03	 2.892666748E+03
 1.486333793E+03	 2.911000000E+03
 1.486854311E+03	 2.868666748E+03
 1.487374775E+03	 2.925666748E+03
 1.487895183E+03	 2.918666748E+03
 1.488415537E+03	 2.883666748E+03
 1.488935836E+03	 2.900666748E+03
 1.489456081E+03	 2.882666748E+03
 1.489976270E+03	 2.885333252E+03
 1.490496405E+03	 2.853666748E+03
 1.491016485E+03	 2.887000000E+03
 1.491536511E+03	 2.909000000E+03
 1.492056481E+03	 2.916000000E+03
 1.492576397E+03	 2.899666748E+03
 1.493096258E+03	 2.889000000E+03
 1.493616064E+03	 2.860000000E+03
 1.494135816E+03	 2.880666748E+03
 1.494655513E+03	 2.903000000E+03
 1.495175155E+03	 2.923666748E+03
 1.495694742E+03	 2.925000000E+03
 1.496214274E+03	 2.882333252E+03
 1.496733752E+03	 2.898666748E+03
 1.497253175E+03	 2.899333252E+03
 1.497772544E+03	 2.903333252E+03
 1.498291858E+03	 2.891333252E+03
 1.498811116E+03	 2.887000000E+03
 1.499330321E+03	 2.904000000E+03
 1.499849470E+03	 2.894666748E+03
 1.500368565E+03	 2.898000000E+03
 1.500887605E+03	 2.907000000E+03
 1.501406591E+03	 2.901333252E+03
 1.501925521E+03	 2.877000000E+03
 1.502444397E+03	 2.908666748E+03
 1.502963219E+03	 2.879333252E+03
 1.503481985E+03	 2.887333252E+03
 1.504000697E+03	 2.906333252E+03
 1.504519355E+03	 2.887666748E+03
 1.505037957E+03	 2.894000000E+03
 1.505556505E+03	 2.885333252E+03
 1.506074999E+03	 2.908000000E+03
 1.506593437E+03	 2.903333252E+03
 1.507111821E+03	 2.914666748E+03
 1.507630150E+03	 2.904666748E+03
 1.508148425E+03	 2.888666748E+03
 1.508666645E+03	 2.911000000E+03
 1.509184810E+03	 2.870000000E+03
 1.509702921E+03	 2.900000000E+03
 1.510220977E+03	 2.912333252E+03
 1.510738979E+03	 2.908000000E+03
 1.511256925E+03	 2.881000000E+03
 1.511774817E+03	 2.877333252E+03
 1.512292655E+03	 2.899333252E+03
 1.512810438E+03	 2.925666748E+03
 1.513328166E+03	 2.921666748E+03
 1.513845840E+03	 2.921333252E+03
 1.514363459E+03	 2.896000000E+03
 1.514881023E+03	 2.908666748E+03
 1.515398533E+03	 2.874333252E+03
 1.515915988E+03	 2.904333252E+03
 1.516433389E+03	 2.922666748E+03
 1.516950734E+03	 2.900666748E+03
 1.517468026E+03	 2.924333252E+03
 1.517985263E+03	 2.931333252E+03
 1.518502445E+03	 2.937666748E+03
 1.519019572E+03	 2.920333252E+03
 1.519536645E+03	 2.924333252E+03
 1.520053664E+03	 2.921333252E+03
 1.520570628E+03	 2.923000000E+03
 1.521087537E+03	 2.924666748E+03
 1.521604392E+03	 2.911000000E+03
 1.522121192E+03	 2.872666748E+03
 1.522637937E+03	 2.931000000E+03
 1.523154628E+03	 2.940000000E+03
 1.523671265E+03	 2.906000000E+03
 1.524187847E+03	 2.935333252E+03
 1.524704374E+03	 2.904666748E+03
 1.525220847E+03	 2.931000000E+03
 1.525737265E+03	 2.931666748E+03
 1.526253629E+03	 2.918000000E+03
 1.526769938E+03	 2.945000000E+03
 1.527286192E+03	 2.881000000E+03
 1.527802392E+03	 2.927666748E+03
 1.528318538E+03	 2.906333252E+03
 1.528834629E+03	 2.928000000E+03
 1.529350666E+03	 2.902333252E+03
 1.529866648E+03	 2.894000000E+03
 1.530382575E+03	 2.928333252E+03
 1.530898448E+03	 2.964333252E+03
 1.531414266E+03	 2.917000000E+03
 1.531930030E+03	 2.954333252E+03
 1.532445740E+03	 2.905333252E+03
 1.532961395E+03	 2.961666748E+03
 1.533476995E+03	 2.939000000E+03
 1.533992541E+03	 2.952333252E+03
 1.534508033E+03	 2.936000000E+03
 1.535023470E+03	 2.897333252E+03
 1.535538852E+03	 2.925000000E+03
 1.536054180E+03	 2.905333252E+03
 1.536569454E+03	 2.963666748E+03
 1.537084673E+03	 2.930333252E+03
 1.537599837E+03	 2.940000000E+03
 1.538114947E+03	 2.954000000E+03
 1.538630003E+03	 2.930000000E+03
 1.539145004E+03	 2.963666748E+03
 1.539659951E+03	 2.909666748E+03
 1.540174843E+03	 2.974666748E+03
 1.540689681E+03	 2.956000000E+03
 1.541204465E+03	 2.959333252E+03
 1.541719194E+03	 2.953333252E+03
 1.542233868E+03	 2.966333252E+03
 1.542748488E+03	 2.978333252E+03
 1.543263054E+03	 2.959666748E+03
 1.543777565E+03	 2.919000000E+03
 1.544292022E+03	 2.971000000E+03
 1.544806424E+03	 2.972000000E+03
 1.545320772E+03	 2.948666748E+03
 1.545835066E+03	 2.984333252E+03
 1.546349305E+03	 2.987000000E+03
 1.546863489E+03	 2.991333252E+03
 1.547377620E+03	 2.962000000E+03
 1.547891696E+03	 2.983333252E+03
 1.548405717E+03	 3.003666748E+03
 1.548919684E+03	 2.956666748E+03
 1.549433597E+03	 2.995666748E+03
 1.549947455E+03	 3.000666748E+03
 1.550461259E+03	 2.967666748E+03
 1.550975009E+03	 2.998333252E+03
 1.551488704E+03	 2.997000000E+03
 1.552002345E+03	 2.944666748E+03
 1.552515931E+03	 2.977333252E+03
 1.553029463E+03	 2.924666748E+03
 1.553542941E+03	 2.999666748E+03
 1.554056364E+03	 2.935333252E+03
 1.554569733E+03	 3.002333252E+03
 1.555083048E+03	 3.011000000E+03
 1.555596308E+03	 2.991000000E+03
 1.556109514E+03	 2.993666748E+03
 1.556622665E+03	 2.974666748E+03
 1.557135762E+03	 2.999000000E+03
 1.557648805E+03	 2.986666748E+03
 1.558161794E+03	 3.040000000E+03
 1.558674728E+03	 2.985000000E+03
 1.559187608E+03	 3.031000000E+03
 1.559700433E+03	 2.972000000E+03
 1.560213205E+03	 3.010000000E+03
 1.560725921E+03	 3.002000000E+03
 1.561238584E+03	 3.009000000E+03
 1.561751192E+03	 3.004333252E+03
 1.562263746E+03	 2.971333252E+03
 1.562776246E+03	 2.979666748E+03
 1.563288691E+03	 2.965666748E+03
 1.563801082E+03	 2.995333252E+03
 1.564313419E+03	 2.982666748E+03
 1.564825701E+03	 3.015666748E+03
 1.565337929E+03	 3.009333252E+03
 1.565850103E+03	 3.018333252E+03
 1.566362223E+03	 2.989666748E+03
 1.566874288E+03	 2.992000000E+03
 1.567386299E+03	 3.030000000E+03
 1.567898256E+03	 2.996000000E+03
 1.568410158E+03	 3.008333252E+03
 1.568922007E+03	 3.001000000E+03
 1.569433800E+03	 3.033000000E+03
 1.569945540E+03	 2.987000000E+03
 1.570457226E+03	 3.017000000E+03
 1.570968857E+03	 3.043666748E+03
 1.571480434E+03	 3.030666748E+03
 1.571991956E+03	 3.028666748E+03
 1.572503425E+03	 3.059000000E+03
 1.573014839E+03	 3.071000000E+03
 1.573526199E+03	 3.049333252E+03
 1.574037505E+03	 3.058666748E+03
 1.574548756E+03	 3.010000000E+03
 1.575059953E+03	 3.013666748E+03
 1.575571096E+03	 3.026000000E+03
 1.576082185E+03	 3.070333252E+03
 1.576593220E+03	 3.021333252E+03
 1.577104200E+03	 3.032333252E+03
 1.577615126E+03	 3.024333252E+03
 1.578125998E+03	 3.023000000E+03
 1.578636816E+03	 3.047333252E+03
 1.579147580E+03	 3.030666748E+03
 1.579658289E+03	 3.072333252E+03
 1.580168944E+03	 3.016666748E+03
 1.580679545E+03	 3.052333252E+03
 1.581190092E+03	 3.041000000E+03
 1.581700585E+03	 3.012666748E+03
 1.582211023E+03	 3.037000000E+03
 1.582721407E+03	 3.064000000E+03
 1.583231737E+03	 3.055000000E+03
 1.583742013E+03	 3.035333252E+03
 1.584252235E+03	 3.023000000E+03
 1.584762403E+03	 3.034333252E+03
 1.585272516E+03	 3.069000000E+03
 1.585782575E+03	 3.037333252E+03
 1.586292581E+03	 3.021000000E+03
 1.586802532E+03	 3.062333252E+03
 1.587312428E+03	 3.058000000E+03
 1.587822271E+03	 3.025000000E+03
 1.588332060E+03	 3.041666748E+03
 1.588841794E+03	 3.054666748E+03
 1.589351474E+03	 3.027333252E+03
 1.589861100E+03	 3.072000000E+03
 1.590370672E+03	 3.020666748E+03
 1.590880190E+03	 3.074000000E+03
 1.591389654E+03	 3.011000000E+03
 1.591899064E+03	 3.086000000E+03
 1.592408419E+03	 3.066666748E+03
